1	115610400396-6	30.00	23.45	30.45
2	115710400044-0	30.00	18.90	21.00
3	115710400053-1	30.00	14.00	20.30
4	115710400158-8	30.00	22.05	18.55
5	115710400160-4	30.00	19.25	26.95
6	115710400204-0	30.00	13.65	23.45
7	115710400246-1	30.00	23.10	22.40
8	115710400251-1	30.00	26.95	22.75
9	115710400274-3	30.00	23.10	21.35
10	115710400275-0	30.00	17.50	11.90
11	115710400323-8	30.00	25.90	19.95
12	115710400380-8	30.00	22.05	17.50
13	115710400387-3	30.00	16.45	20.30
14	115710400401-2	30.00	22.05	27.30
15	115710400451-7	30.00	16.80	10.85